9956
10001
10063
10064
10095
10106
10181
10197
10484
10536
12111
14346
20661
21486
21492
21534
21545
21564
21571
23833
23842
23872
23892
23905
23911
23936
23961
24042
24384
25275
25591
25951
26121
26241
26248
26293
26573
27121
27271
28332
28337
28345
30316
31644
32903
33639
33791
33896
33972
34524
34596
34632
35121
35461
35732
35748
35843
35851
36181
36202
37052
37532
37907
38059
38129
38571
38592
39317
40325
41328
41582
41886
42292
43053
43778
44841
45583
46327
46421
47008
47125
47959
48282
48581
49392
49591
50288
50292
50512
50832
50851
51543
51811
51812
52012
52533
53164
53253
53561
58924
60979
99592
99626
99641
99728
99783
99934
99974
100228
100262
100444
100456
100477
100712
100866
100913
101124
101144
101151
101170
101190
101194
101532
101559
101622
101695
101726
101764
102024
102094
104814
104832
104992
105115
105131
105380
105380
105382
203254
203519
210226
210722
214631
215272
215516
215929
218814
238380
238440
238458
238528
238557
238964
239137
239356
239442
239530
239632
239656
239673
239936
240135
240147
240149
240151
240413
246832
248619
249212
249711
249722
249784
251211
251226
251231
252419
256366
256370
256383
259235
259284
259913
259950
261249
262511
263463
265737
268232
269438
271217
271241
271265
273863
273899
274410
274610
274655
275028
277362
277390
278852
283433
290250
290257
296981
297024
300120
301226
301943
303146
311647
312440
313216
313815
313852
314957
314969
319114
319369
322051
322064
322094
331911
334116
334131
334158
337917
339817
340148
343426
343429
345024
345217
346330
351129
351185
351315
353131
353169
353188
355895
358114
358116
358440
358512
358528
361850
365129
365134
365331
365338
367417
367439
367489
369023
369033
370312
370338
370346
370534
370557
370576
372514
372516
378176
378179
378914
378946
378980
379020
379043
379048
380533
380559
382322
382351
384822
384851
384869
384895
384917
384929
384939
384954
384970
385948
385956
396337
396611
398025
403414
403435
405814
405827
405834
405849
414928
415016
418730
418737
418768
418812
418820
418830
418836
418854
418857
418919
418949
418987
419035
420159
424735
424748
425536
425566
430527
431854
432714
432744
433287
433299
433319
433844
436229
436916
437330
437394
437741
437770
437928
437931
440323
442726
442739
442788
444141
444157
444161
446243
446252
448437
448523
448621
448636
448657
448686
450420
450433
456322
456330
457849
460127
460168
461920
463248
463271
464253
464269
465512
465910
465932
465936
470412
471119
471135
471155
471212
471229
471244
471273
471288
471440
471464
474332
474381
478713
478745
481865
482838
483824
485829
485865
485919
488143
488234
488237
488255
489041
492931
492981
492992
493941
495543
495561
495583
497013
497018
497023
497054
497114
497163
500245
502817
502826
502869
502937
503026
503040
505135
506513
510525
510571
511621
512315
512429
516213
518870
519821
519831
520019
520128
520159
520193
522313
524375
524428
524441
524553
524554
524910
525232
525340
525392
526720
526768
526792
532520
534617
535117
557981
559008
563311
563318
563370
564371
566014
589275
589914
590519
592770
592782
594124
594141
609330
609342
609362
609794
995146
996109
996188
997147
997186
997211
998102
1002122
1002210
1002244
1002280
1004391
1007106
1007158
1008160
1009141
1009165
1010046
1010106
1010182
1010216
1010256
1010332
1010426
1010472
1010662
1010922
1011207
1011307
1011404
1011436
1011471
1011484
1011675
1013123
1013146
1015119
1015140
1016181
1019100
1019214
1020158
1020174
1020618
1020698
1020736
1020839
1020875
1020979
1024061
1034689
1049198
1049310
1053142
1053144
1490161
2032161
2032310
2032313
2032796
2151155
2382294
2387142
2389106
2389136
2389222
2389290
2393108
2393385
2393397
2393578
2396264
2406115
2406166
2438121
2456322
2563134
2592110
2592135
2592169
2592207
2592245
2592254
2592277
2634144
2705171
2705213
2738151
2738175
3088238
3124218
3124310
3124478
3220130
3290118
3434108
3469164
3469184
3511131
3558119
3668198
3674113
3781115
3781156
3849259
3859123
3859138
4189138
4201110
4239119
4247116
4287100
4332133
4363183
4363201
4363211
4363215
4379112
4440131
4558108
4558318
4558476
4558614
4558648
4642113
4712116
4714109
4787101
4787131
4787162
4858113
4858199
4858223
4882250
4882345
4882390
4929143
4955124
4955152
4955166
5028109
5028121
5028154
5030145
5030291
5030324
5188107
5188152
5201137
5208228
5210180
5234155
5245128
5253117
5253151
5253178
5253179
5253260
5253261
5316268
5316275
5316372
5335251
5346236
5346320
5346503
5554143
5554177
5554209
5554265
5554328
5554389
5554420
5554505
5554557
5554572
5554790
5643136
5892140
5892141
5927114
6097221
6097350
6097507
6097567
6097621
6097667
6103229
6103311
6103354
6103399
6103424
6103464
6103558
6103611
6103628
6103718
6103745
6103784
6103797
6103870
6103957
6103980
8280214
10240771
10419035
10456322
10456330
10566013
20321426
20321934
20322238
20322618
61031287
61031339
61031420
61031550
102438121
